{
  "advancedEditorSelectedIdentifier" : "ProjectBrowser",
  "openSceneRelativePaths" : [
    "Materials\/GridMaterial.usda",
    "New Folder\/Scene.usda"
  ],
  "recentIdentifiers" : {
    "0C5DD773-7081-4DF4-A12F-0DBCDBE9AE35" : [

    ],
    "26DBAE76-5DD8-47B6-A085-1B4ADA111097" : [

    ]
  },
  "sceneCameraHistory" : {
    "0C5DD773-7081-4DF4-A12F-0DBCDBE9AE35" : [
      {
        "date" : 739883793.2332,
        "title" : "Untitled",
        "transform" : [
          0.72340673,
          3.6448524e-09,
          -0.69042206,
          0,
          -0.23873842,
          0.9383133,
          -0.25014415,
          0,
          0.647832,
          0.3457865,
          0.6787823,
          0,
          0.2230201,
          0.12383451,
          -1.8352633,
          1
        ]
      },
      {
        "date" : 739882848.514017,
        "title" : "Untitled",
        "transform" : [
          0.72340673,
          3.6448524e-09,
          -0.69042206,
          0,
          -0.23873842,
          0.9383133,
          -0.25014415,
          0,
          0.647832,
          0.3457865,
          0.6787823,
          0,
          0.26054582,
          0.202805,
          0.40227267,
          1
        ]
      },
      {
        "date" : 739882837.564198,
        "title" : "Untitled",
        "transform" : [
          0.5355574,
          3.645379e-09,
          -0.8444988,
          0,
          -0.29204544,
          0.9383005,
          -0.18520705,
          0,
          0.7923935,
          0.3458213,
          0.5025139,
          0,
          0.35468832,
          0.20282298,
          0.3270153,
          1
        ]
      },
      {
        "date" : 739882815.340005,
        "title" : "Untitled",
        "transform" : [
          0.9662562,
          9.405739e-09,
          -0.25758284,
          0,
          -0.03901642,
          0.9884617,
          -0.14636022,
          0,
          0.25461063,
          0.15147167,
          0.9551073,
          0,
          0.047474086,
          0.10404935,
          0.51084137,
          1
        ]
      },
      {
        "date" : 739882750.567163,
        "title" : "Untitled",
        "transform" : [
          0.91131973,
          1.3499928e-08,
          -0.4116993,
          0,
          -0.040497914,
          0.9951502,
          -0.08964449,
          0,
          0.40970245,
          0.09836796,
          0.90690005,
          0,
          0.13201892,
          0.076875776,
          0.500714,
          1
        ]
      },
      {
        "date" : 739882333.261522,
        "title" : "Untitled",
        "transform" : [
          0.98093086,
          1.2501962e-08,
          -0.19435705,
          0,
          -0.01078107,
          0.99846035,
          -0.054412782,
          0,
          0.19405766,
          0.05547076,
          0.9794206,
          0,
          0.015606326,
          0.054838583,
          0.52038693,
          1
        ]
      },
      {
        "date" : 739882330.73659,
        "title" : "Untitled",
        "transform" : [
          0.9819046,
          1.2070774e-08,
          -0.18937658,
          0,
          -0.015021343,
          0.9968492,
          -0.077884756,
          0,
          0.18877977,
          0.079320304,
          0.9788107,
          0,
          0.012631982,
          0.06756837,
          0.51925725,
          1
        ]
      },
      {
        "date" : 739882322.341077,
        "title" : "Untitled",
        "transform" : [
          0.6848159,
          1.2124207e-08,
          -0.72871614,
          0,
          -0.070795186,
          0.99526966,
          -0.06653028,
          0,
          0.72526896,
          0.0971508,
          0.68157655,
          0,
          0.32534453,
          0.07707977,
          0.40886638,
          1
        ]
      },
      {
        "date" : 739882315.222366,
        "title" : "Untitled",
        "transform" : [
          0.6848159,
          1.2124207e-08,
          -0.72871614,
          0,
          -0.070795186,
          0.99526966,
          -0.06653028,
          0,
          0.72526896,
          0.0971508,
          0.68157655,
          0,
          0.32534453,
          0.07707977,
          0.40886638,
          1
        ]
      },
      {
        "date" : 739882176.056826,
        "title" : "Untitled",
        "transform" : [
          -0.6591806,
          3.3991476e-09,
          -0.7519848,
          0,
          -0.5024098,
          0.7440612,
          0.4404062,
          0,
          0.5595225,
          0.66811174,
          -0.49047053,
          0,
          2.8233504,
          3.2917597,
          -2.3091483,
          1
        ]
      }
    ],
    "26DBAE76-5DD8-47B6-A085-1B4ADA111097" : [
      {
        "date" : 739837888.111441,
        "title" : "Untitled",
        "transform" : [
          -0.32562593,
          2.1212605e-08,
          -0.94549865,
          0,
          0.04964731,
          0.9986204,
          -0.017098324,
          0,
          0.9441943,
          -0.052509017,
          -0.3251769,
          0,
          0.61355114,
          0.19811405,
          -0.45009714,
          1
        ]
      },
      {
        "date" : 739837881.5844,
        "title" : "Untitled",
        "transform" : [
          -0.3732616,
          2.2855566e-08,
          -0.92772615,
          0,
          -0.038860105,
          0.9991223,
          0.015634997,
          0,
          0.92691183,
          0.04188759,
          -0.37293416,
          0,
          0.5684191,
          0.26669493,
          -0.47263983,
          1
        ]
      },
      {
        "date" : 739837877.542782,
        "title" : "Untitled",
        "transform" : [
          -0.40991682,
          2.2855563e-08,
          -0.9121228,
          0,
          -0.03820652,
          0.9991223,
          0.017170394,
          0,
          0.91132224,
          0.04188759,
          -0.40955725,
          0,
          0.48534626,
          0.056841936,
          -0.22487015,
          1
        ]
      },
      {
        "date" : 739837870.522552,
        "title" : "Untitled",
        "transform" : [
          -0.83555317,
          2.1311367e-08,
          -0.54940957,
          0,
          -0.12476792,
          0.9738726,
          0.18974958,
          0,
          0.53505486,
          0.22709468,
          -0.8137225,
          0,
          0.26205987,
          0.157766,
          -0.42955914,
          1
        ]
      },
      {
        "date" : 739837865.067422,
        "title" : "Untitled",
        "transform" : [
          -0.738765,
          -1.5857187e-09,
          -0.673963,
          0,
          -0.21806909,
          0.9462068,
          0.23903659,
          0,
          0.63770825,
          0.3235624,
          -0.6990246,
          0,
          0.31586444,
          0.20823973,
          -0.3696687,
          1
        ]
      },
      {
        "date" : 739837863.551193,
        "title" : "Untitled",
        "transform" : [
          -0.738765,
          -1.5857187e-09,
          -0.673963,
          0,
          -0.21806909,
          0.9462068,
          0.23903659,
          0,
          0.63770825,
          0.3235624,
          -0.6990246,
          0,
          0.48677042,
          0.15772063,
          -0.23713818,
          1
        ]
      },
      {
        "date" : 739837851.048255,
        "title" : "Untitled",
        "transform" : [
          -0.738765,
          -1.5857187e-09,
          -0.673963,
          0,
          -0.21806909,
          0.9462068,
          0.23903659,
          0,
          0.63770825,
          0.3235624,
          -0.6990246,
          0,
          2.5723052,
          0.22851253,
          -2.2246675,
          1
        ]
      },
      {
        "date" : 739837847.015493,
        "title" : "Untitled",
        "transform" : [
          -0.738765,
          -1.5857187e-09,
          -0.673963,
          0,
          -0.21806909,
          0.9462068,
          0.23903659,
          0,
          0.63770825,
          0.3235624,
          -0.6990246,
          0,
          4.868389,
          2.7528772,
          -1.5615554,
          1
        ]
      },
      {
        "date" : 739837842.24032,
        "title" : "Untitled",
        "transform" : [
          -0.738765,
          -1.5857187e-09,
          -0.673963,
          0,
          -0.21806909,
          0.9462068,
          0.23903659,
          0,
          0.63770825,
          0.3235624,
          -0.6990246,
          0,
          10.637596,
          3.3054144,
          0.67012113,
          1
        ]
      },
      {
        "date" : 739837829.455738,
        "title" : "Untitled",
        "transform" : [
          -0.18196268,
          -1.6679863e-08,
          -0.98330545,
          0,
          0.055302788,
          0.99841726,
          -0.010233945,
          0,
          0.98174906,
          -0.05624178,
          -0.18167481,
          0,
          34.520157,
          1.9775435,
          0.9314749,
          1
        ]
      }
    ],
    "20790BAB-0658-4BC4-BF17-F65FF762A2B4" : [
      {
        "date" : 739881594.09899,
        "title" : "Untitled",
        "transform" : [
          0.99999994,
          0,
          -0,
          0,
          -0,
          0.8660254,
          -0.49999988,
          0,
          0,
          0.49999988,
          0.8660254,
          0,
          0,
          0.2371573,
          0.4107685,
          1
        ]
      }
    ]
  },
  "selectedSceneRelativePath" : "New Folder\/Scene.usda"
}